17 25 
17 35 
17 45 
17 55 
6 70 
12 70 
9 95 
19 95 
9 100 
19 100 
9 111 
9 116
19 111 
19 116 
19 126 
9 126 
19 131 
9 131 
9 141 
9 146 
19 141
19 146
9 156 
9 161
19 156
19 161 
9 171
9 180 
19 180 
24 176 
29 176 
34 176 
39 176 
44 176
49 176
54 176 
59 176
69 171
69 166
69 161 
69 156 
69 151
69 146
69 141 
69 136 
69 131 
69 126 
69 121 
69 116
69 111
69 96
69 101 
69 106 
39 106
39 111
39 116 
39 121 
39 126 
39 131
39 136
39 141
39 146 
49 146
49 126
49 131
49 136
49 141
49 106
49 111
49 116
49 121
90 136
90 141
90 146
90 151
104 136
104 141
104 146
104 151
104 156
104 161
104 166
104 171
104 176
104 181
-1