17 25 9 4
17 35 9 4
17 45 9 4
17 55 9 4
6 70 9 4
12 70 9 4
9 95 4 9
19 95 4 9
9 100 4 9
19 100 4 9
9 111 4 9
19 111 4 9
9 116 4 9
19 116 4 9
9 126 4 9
19 126 4 9
9 131 4 9
19 131 4 9
9 141 4 9
19 141 4 9
9 146 4 9
19 146 4 9
9 156 4 9
19 156 4 9
9 161 4 9
19 161 4 9
9 171 4 9
9 180 4 9
19 180 4 9
39 106 4 9
39 111 4 9
39 116 4 9
39 121 4 9
39 126 4 9
39 131 4 9
39 136 4 9
39 141 4 9
39 146 4 9
49 106 4 9
49 111 4 9
49 116 4 9
49 121 4 9
49 126 4 9
49 131 4 9
49 136 4 9
49 141 4 9
49 146 4 9
24 176 9 4
29 176 9 4
34 176 9 4
39 176 9 4
44 176 9 4
49 176 9 4
54 176 9 4
59 176 9 4
-1