30 10 5 20
30 15 5 20
30 20 20 5
25 20 20 5
30 40 20 5
25 40 20 5
30 60 24 5
25 60 24 5
20 83 6 10
20 89 6 10
30 83 12 5
25 83 12 5
30 95 20 5
25 95 20 5 
30 115 20 5
25 115 20 5
30 135 20 5
25 135 20 5
30 155 10 5
25 155 15 5
55 165 5 15
40 165 5 15
40 170 5 20
60 170 5 20
55 145 20 5
55 125 20 5
55 105 20 5
55 100 5 15
40 100 5 10
60 150 20 5
60 130 20 5
60 110 20 5
60 95 15 5
55 95 5 15
40 95 5 10
50 83 6 20
50 89 6 20
70 83 6 20
70 89 6 20
80 83 6 10
80 89 6 10
105 100 5 20
85 100 5 10
80 105 20 5
80 125 20 5
80 145 30 5
85 155 10 5
95 155 10 10
95 165 10 10
95 175 10 20
75 165 20 5
75 145 20 5
75 125 20 5
75 105 20 5
75 95 10 5
105 95 5 30
110 95 10 5
10 10 10 5
-1